0.0 2963
1.0 5455
2.0 5168
3.0 3950
4.0 4303
5.0 5036
6.0 5672
7.0 6413
8.0 7082
9.0 7694
10.0 8542
11.0 9449
12.0 10697
13.0 12046
14.0 13780
15.0 14911
16.0 15710
17.0 16231
18.0 16217
19.0 15376
20.0 15088
21.0 14515
22.0 13946
23.0 13162
24.0 12546
25.0 11688
26.0 11047
27.0 10300
28.0 9694
29.0 9579
30.0 9370
31.0 8529
32.0 7819
33.0 7321
34.0 6828
35.0 6166
36.0 5731
37.0 5360
38.0 4762
39.0 4549
40.0 4138
41.0 3740
42.0 3351
43.0 2922
44.0 2749
45.0 2641
46.0 2477
47.0 2342
48.0 2246
49.0 2054
50.0 1926
51.0 1868
52.0 1793
53.0 1785
54.0 1642
55.0 1475
56.0 1359
57.0 1454
58.0 1294
59.0 1247
60.0 1148
61.0 1197
62.0 1107
63.0 1020
64.0 1036
65.0 1022
66.0 897
67.0 905
68.0 764
69.0 806
70.0 752
71.0 704
72.0 695
73.0 634
74.0 667
75.0 651
76.0 567
77.0 596
78.0 561
79.0 547
80.0 549
81.0 530
82.0 488
83.0 430
84.0 424
85.0 422
86.0 406
87.0 397
88.0 367
89.0 380
90.0 379
91.0 353
92.0 365
93.0 317
94.0 360
95.0 310
96.0 290
97.0 295
98.0 264
99.0 281
100.0 268
101.0 249
102.0 230
103.0 226
104.0 225
105.0 253
106.0 217
107.0 215
108.0 216
109.0 191
110.0 203
111.0 177
112.0 167
113.0 189
114.0 163
115.0 169
116.0 160
117.0 135
118.0 146
119.0 151
120.0 138
121.0 151
122.0 125
123.0 135
124.0 102
125.0 118
126.0 111
127.0 90
128.0 106
129.0 121
130.0 112
131.0 104
132.0 95
133.0 90
134.0 96
135.0 110
136.0 86
137.0 89
138.0 81
139.0 76
140.0 93
141.0 81
142.0 89
143.0 79
144.0 59
145.0 91
146.0 87
147.0 70
148.0 76
149.0 72
150.0 67
151.0 74
152.0 66
153.0 67
154.0 64
155.0 58
156.0 57
157.0 41
158.0 44
159.0 44
160.0 39
161.0 41
162.0 44
163.0 46
164.0 45
165.0 45
166.0 52
167.0 39
168.0 41
169.0 33
170.0 42
171.0 49
172.0 43
173.0 47
174.0 39
175.0 35
176.0 29
177.0 26
178.0 37
179.0 38
180.0 37
181.0 34
182.0 22
183.0 34
184.0 32
185.0 23
186.0 28
187.0 27
188.0 22
189.0 30
190.0 19
191.0 25
192.0 23
193.0 26
194.0 24
195.0 14
196.0 25
197.0 18
198.0 24
199.0 21
200.0 16
201.0 22
202.0 24
203.0 24
204.0 24
205.0 14
206.0 17
207.0 21
208.0 14
209.0 13
210.0 23
211.0 10
212.0 14
213.0 9
214.0 21
215.0 8
216.0 11
217.0 10
218.0 15
219.0 17
220.0 11
221.0 8
222.0 14
223.0 12
224.0 12
225.0 14
226.0 6
227.0 5
228.0 9
229.0 9
230.0 9
231.0 11
232.0 9
233.0 14
234.0 6
235.0 4
236.0 5
237.0 9
238.0 11
239.0 11
240.0 7
241.0 9
242.0 12
243.0 8
244.0 7
245.0 7
246.0 9
247.0 7
248.0 7
249.0 7
250.0 6
251.0 5
252.0 12
253.0 5
254.0 3
255.0 6
256.0 3
257.0 5
258.0 4
259.0 5
260.0 9
261.0 6
262.0 4
263.0 2
264.0 8
265.0 8
266.0 5
267.0 2
268.0 7
269.0 4
270.0 8
271.0 3
272.0 6
273.0 6
274.0 5
275.0 8
276.0 4
277.0 8
278.0 5
279.0 6
280.0 1
281.0 6
282.0 2
283.0 3
284.0 8
285.0 7
286.0 3
287.0 2
288.0 2
289.0 2
290.0 6
291.0 2
292.0 8
293.0 1
294.0 3
295.0 2
296.0 1
297.0 5
298.0 2
299.0 2
300.0 3
301.0 2
302.0 5
303.0 2
304.0 2
305.0 2
306.0 2
307.0 5
308.0 3
309.0 1
310.0 1
311.0 1
312.0 3
313.0 3
314.0 2
315.0 4
316.0 3
317.0 4
318.0 4
319.0 1
320.0 2
321.0 4
322.0 2
323.0 1
324.0 3
325.0 3
326.0 2
327.0 3
328.0 4
329.0 3
330.0 1
331.0 2
332.0 2
333.0 1
334.0 4
335.0 3
336.0 3
337.0 1
338.0 2
339.0 0
340.0 0
341.0 5
342.0 4
343.0 4
344.0 0
345.0 2
346.0 1
347.0 1
348.0 2
349.0 0
350.0 1
351.0 1
352.0 0
353.0 3
354.0 0
355.0 0
356.0 2
357.0 1
358.0 3
359.0 3
360.0 0
361.0 1
362.0 2
363.0 3
364.0 2
365.0 0
366.0 4
367.0 0
368.0 3
369.0 0
370.0 2
371.0 1
372.0 0
373.0 1
374.0 0
375.0 0
376.0 0
377.0 0
378.0 0
379.0 1
380.0 1
381.0 2
382.0 1
383.0 1
384.0 0
385.0 0
386.0 3
387.0 0
388.0 1
389.0 0
390.0 0
391.0 1
392.0 1
393.0 2
394.0 0
395.0 0
396.0 0
397.0 1
398.0 0
399.0 1
400.0 0
401.0 1
402.0 2
403.0 1
404.0 5
405.0 1
406.0 1
407.0 0
408.0 2
409.0 1
410.0 1
411.0 0
412.0 1
413.0 1
414.0 0
415.0 1
416.0 1
417.0 0
418.0 0
419.0 0
420.0 0
421.0 1
422.0 1
423.0 1
424.0 0
425.0 1
426.0 0
427.0 0
428.0 0
429.0 0
430.0 1
431.0 0
432.0 0
433.0 1
434.0 0
435.0 1
436.0 0
437.0 1
438.0 0
439.0 0
440.0 2
441.0 3
442.0 0
443.0 0
444.0 0
445.0 1
446.0 0
447.0 0
448.0 1
449.0 1
450.0 0
451.0 2
452.0 1
453.0 0
454.0 1
455.0 0
456.0 0
457.0 0
458.0 0
459.0 1
460.0 0
461.0 1
462.0 0
463.0 1
464.0 1
465.0 1
466.0 2
467.0 0
468.0 1
469.0 1
470.0 0
471.0 0
472.0 1
473.0 0
474.0 1
475.0 1
476.0 1
477.0 0
478.0 0
479.0 1
480.0 0
481.0 0
482.0 0
483.0 0
484.0 0
485.0 0
486.0 1
487.0 0
488.0 0
489.0 0
490.0 0
491.0 0
492.0 0
493.0 0
494.0 1
495.0 1
496.0 1
497.0 0
498.0 1
499.0 0
500.0 0
501.0 2
502.0 0
503.0 1
504.0 0
505.0 0
506.0 1
507.0 0
508.0 0
509.0 0
510.0 1
511.0 0
512.0 1
513.0 0
514.0 1
515.0 0
516.0 0
517.0 1
518.0 0
519.0 1
520.0 0
521.0 0
522.0 1
523.0 0
524.0 1
525.0 0
526.0 1
527.0 0
528.0 0
529.0 0
530.0 0
531.0 0
532.0 0
533.0 0
534.0 1
535.0 1
536.0 0
537.0 0
538.0 0
539.0 0
540.0 0
541.0 0
542.0 1
543.0 0
544.0 0
545.0 0
546.0 0
547.0 0
548.0 1
549.0 0
550.0 0
551.0 0
552.0 0
553.0 0
554.0 0
555.0 1
556.0 0
557.0 0
558.0 0
559.0 1
560.0 1
561.0 0
562.0 0
563.0 0
564.0 1
565.0 0
566.0 0
567.0 0
568.0 0
569.0 0
570.0 0
571.0 0
572.0 0
573.0 1
574.0 0
575.0 0
576.0 1
577.0 0
578.0 0
579.0 0
580.0 0
581.0 0
582.0 0
583.0 0
584.0 1
585.0 0
586.0 0
587.0 0
588.0 0
589.0 0
590.0 1
591.0 0
592.0 0
593.0 0
594.0 0
595.0 0
596.0 1
597.0 1
598.0 0
599.0 0
600.0 1
601.0 0
602.0 0
603.0 0
604.0 0
605.0 0
606.0 0
607.0 0
608.0 0
609.0 0
610.0 0
611.0 0
612.0 0
613.0 1
614.0 0
615.0 0
616.0 0
617.0 0
618.0 0
619.0 0
620.0 0
621.0 0
622.0 0
623.0 0
624.0 0
625.0 0
626.0 0
627.0 1
628.0 0
629.0 0
630.0 0
631.0 0
632.0 0
633.0 0
634.0 0
635.0 0
636.0 0
637.0 0
638.0 0
639.0 0
640.0 0
641.0 0
642.0 0
643.0 0
644.0 0
645.0 0
646.0 0
647.0 0
648.0 1
649.0 0
650.0 0
651.0 0
652.0 0
653.0 0
654.0 0
655.0 0
656.0 0
657.0 0
658.0 0
659.0 0
660.0 1
661.0 0
662.0 0
663.0 0
664.0 0
665.0 0
666.0 0
667.0 0
668.0 0
669.0 0
670.0 0
671.0 0
672.0 0
673.0 1
674.0 0
675.0 0
676.0 0
677.0 0
678.0 0
679.0 0
680.0 0
681.0 0
682.0 0
683.0 0
684.0 0
685.0 0
686.0 0
687.0 0
688.0 0
689.0 0
690.0 0
691.0 0
692.0 0
693.0 0
694.0 0
695.0 0
696.0 0
697.0 0
698.0 0
699.0 0
700.0 0
701.0 0
702.0 0
703.0 0
704.0 0
705.0 1
706.0 0
707.0 0
708.0 1
709.0 0
710.0 0
711.0 0
712.0 0
713.0 0
714.0 0
715.0 0
716.0 0
717.0 0
718.0 0
719.0 0
720.0 0
721.0 0
722.0 0
723.0 0
724.0 0
725.0 0
726.0 0
727.0 0
728.0 0
729.0 0
730.0 1
731.0 0
732.0 0
733.0 0
734.0 0
735.0 0
736.0 0
737.0 0
738.0 0
739.0 0
740.0 0
741.0 0
742.0 0
743.0 0
744.0 0
745.0 0
746.0 0
747.0 0
748.0 0
749.0 0
750.0 0
751.0 0
752.0 0
753.0 0
754.0 0
755.0 0
756.0 0
757.0 0
758.0 0
759.0 0
760.0 0
761.0 0
762.0 0
763.0 0
764.0 0
765.0 0
766.0 0
767.0 1
768.0 0
769.0 0
770.0 0
771.0 0
772.0 0
773.0 0
774.0 0
775.0 0
776.0 0
777.0 0
778.0 0
779.0 0
780.0 0
781.0 0
782.0 0
783.0 0
784.0 0
785.0 0
786.0 0
787.0 0
788.0 0
789.0 0
790.0 0
791.0 0
792.0 0
793.0 0
794.0 0
795.0 0
796.0 0
797.0 0
798.0 0
799.0 0
800.0 0
801.0 0
802.0 0
803.0 0
804.0 0
805.0 0
806.0 0
807.0 0
808.0 0
809.0 0
810.0 0
811.0 0
812.0 0
813.0 0
814.0 0
815.0 0
816.0 0
817.0 0
818.0 0
819.0 0
820.0 0
821.0 0
822.0 0
823.0 0
824.0 0
825.0 0
826.0 0
827.0 0
828.0 0
829.0 0
830.0 0
831.0 0
832.0 0
833.0 0
834.0 0
835.0 0
836.0 0
837.0 0
838.0 0
839.0 0
840.0 0
841.0 0
842.0 0
843.0 0
844.0 0
845.0 0
846.0 0
847.0 0
848.0 0
849.0 0
850.0 0
851.0 0
852.0 0
853.0 0
854.0 0
855.0 0
856.0 0
857.0 0
858.0 0
859.0 0
860.0 0
861.0 0
862.0 0
863.0 0
864.0 0
865.0 0
866.0 0
867.0 0
868.0 0
869.0 0
870.0 0
871.0 0
872.0 0
873.0 0
874.0 0
875.0 0
876.0 0
877.0 0
878.0 0
879.0 0
880.0 0
881.0 0
882.0 0
883.0 0
884.0 0
885.0 0
886.0 0
887.0 0
888.0 0
889.0 0
890.0 0
891.0 0
892.0 0
893.0 0
894.0 0
895.0 0
896.0 0
897.0 0
898.0 0
899.0 0
900.0 0
901.0 0
902.0 0
903.0 0
904.0 0
905.0 0
906.0 0
907.0 0
908.0 0
909.0 0
910.0 0
911.0 0
912.0 0
913.0 0
914.0 0
915.0 0
916.0 0
917.0 0
918.0 0
919.0 0
920.0 0
921.0 0
922.0 0
923.0 0
924.0 0
925.0 0
926.0 0
927.0 0
928.0 0
929.0 0
930.0 0
931.0 0
932.0 0
933.0 0
934.0 0
935.0 0
936.0 0
937.0 0
938.0 0
939.0 0
940.0 0
941.0 0
942.0 0
943.0 0
944.0 0
945.0 0
946.0 0
947.0 0
948.0 0
949.0 0
950.0 0
951.0 0
952.0 0
953.0 0
954.0 0
955.0 1
956.0 0
957.0 0
958.0 0
959.0 0
960.0 0
961.0 1
962.0 0
