0.0 3387
1.0 4801
2.0 5260
3.0 5222
4.0 5762
5.0 6565
6.0 7442
7.0 8173
8.0 8766
9.0 9731
10.0 10430
11.0 11772
12.0 13632
13.0 15351
14.0 17168
15.0 18770
16.0 19788
17.0 20483
18.0 20600
19.0 20158
20.0 19848
21.0 18955
22.0 18147
23.0 17572
24.0 16360
25.0 15347
26.0 14611
27.0 13330
28.0 12397
29.0 12092
30.0 11501
31.0 10635
32.0 9850
33.0 9182
34.0 8396
35.0 7795
36.0 7387
37.0 6585
38.0 6343
39.0 5910
40.0 5351
41.0 5065
42.0 4670
43.0 4259
44.0 3974
45.0 3708
46.0 3600
47.0 3262
48.0 3100
49.0 2893
50.0 2830
51.0 2661
52.0 2563
53.0 2358
54.0 2351
55.0 2240
56.0 2020
57.0 1873
58.0 1877
59.0 1796
60.0 1663
61.0 1687
62.0 1617
63.0 1443
64.0 1345
65.0 1380
66.0 1258
67.0 1262
68.0 1206
69.0 1120
70.0 1118
71.0 1106
72.0 1017
73.0 926
74.0 960
75.0 899
76.0 853
77.0 892
78.0 859
79.0 787
80.0 782
81.0 756
82.0 712
83.0 682
84.0 628
85.0 626
86.0 626
87.0 610
88.0 623
89.0 533
90.0 525
91.0 559
92.0 486
93.0 444
94.0 420
95.0 477
96.0 428
97.0 420
98.0 453
99.0 395
100.0 387
101.0 404
102.0 387
103.0 365
104.0 350
105.0 349
106.0 321
107.0 366
108.0 312
109.0 300
110.0 282
111.0 269
112.0 269
113.0 267
114.0 261
115.0 249
116.0 247
117.0 245
118.0 216
119.0 218
120.0 218
121.0 218
122.0 222
123.0 202
124.0 192
125.0 203
126.0 166
127.0 192
128.0 190
129.0 158
130.0 156
131.0 156
132.0 149
133.0 141
134.0 138
135.0 135
136.0 123
137.0 142
138.0 114
139.0 131
140.0 123
141.0 121
142.0 131
143.0 132
144.0 105
145.0 125
146.0 110
147.0 108
148.0 85
149.0 103
150.0 92
151.0 102
152.0 109
153.0 99
154.0 79
155.0 72
156.0 83
157.0 77
158.0 69
159.0 57
160.0 74
161.0 74
162.0 67
163.0 86
164.0 55
165.0 62
166.0 58
167.0 65
168.0 65
169.0 58
170.0 50
171.0 63
172.0 55
173.0 43
174.0 62
175.0 66
176.0 62
177.0 50
178.0 50
179.0 41
180.0 40
181.0 48
182.0 48
183.0 48
184.0 55
185.0 53
186.0 40
187.0 46
188.0 36
189.0 24
190.0 47
191.0 33
192.0 40
193.0 46
194.0 32
195.0 25
196.0 49
197.0 32
198.0 34
199.0 30
200.0 27
201.0 36
202.0 22
203.0 34
204.0 28
205.0 32
206.0 25
207.0 25
208.0 15
209.0 26
210.0 27
211.0 20
212.0 19
213.0 22
214.0 28
215.0 27
216.0 26
217.0 17
218.0 27
219.0 21
220.0 21
221.0 11
222.0 18
223.0 17
224.0 22
225.0 21
226.0 20
227.0 19
228.0 23
229.0 18
230.0 16
231.0 17
232.0 10
233.0 8
234.0 14
235.0 15
236.0 12
237.0 19
238.0 21
239.0 10
240.0 13
241.0 15
242.0 21
243.0 14
244.0 11
245.0 12
246.0 12
247.0 10
248.0 16
249.0 7
250.0 12
251.0 15
252.0 9
253.0 21
254.0 15
255.0 11
256.0 6
257.0 7
258.0 8
259.0 10
260.0 15
261.0 14
262.0 5
263.0 5
264.0 10
265.0 3
266.0 10
267.0 11
268.0 8
269.0 9
270.0 8
271.0 6
272.0 9
273.0 10
274.0 5
275.0 4
276.0 9
277.0 10
278.0 7
279.0 5
280.0 9
281.0 13
282.0 7
283.0 3
284.0 7
285.0 5
286.0 7
287.0 7
288.0 8
289.0 4
290.0 7
291.0 3
292.0 7
293.0 4
294.0 3
295.0 6
296.0 4
297.0 3
298.0 1
299.0 3
300.0 9
301.0 8
302.0 4
303.0 9
304.0 4
305.0 4
306.0 3
307.0 4
308.0 7
309.0 6
310.0 6
311.0 6
312.0 4
313.0 7
314.0 2
315.0 7
316.0 3
317.0 8
318.0 3
319.0 2
320.0 0
321.0 5
322.0 5
323.0 2
324.0 9
325.0 0
326.0 2
327.0 4
328.0 0
329.0 5
330.0 4
331.0 3
332.0 2
333.0 4
334.0 4
335.0 5
336.0 5
337.0 1
338.0 2
339.0 2
340.0 4
341.0 3
342.0 3
343.0 1
344.0 2
345.0 2
346.0 2
347.0 3
348.0 2
349.0 3
350.0 2
351.0 3
352.0 1
353.0 3
354.0 3
355.0 2
356.0 0
357.0 3
358.0 1
359.0 3
360.0 2
361.0 2
362.0 4
363.0 0
364.0 1
365.0 4
366.0 3
367.0 3
368.0 4
369.0 0
370.0 0
371.0 1
372.0 2
373.0 2
374.0 6
375.0 2
376.0 2
377.0 1
378.0 3
379.0 3
380.0 3
381.0 1
382.0 0
383.0 1
384.0 0
385.0 0
386.0 0
387.0 2
388.0 1
389.0 2
390.0 2
391.0 1
392.0 3
393.0 2
394.0 0
395.0 0
396.0 2
397.0 1
398.0 3
399.0 0
400.0 1
401.0 1
402.0 1
403.0 1
404.0 2
405.0 3
406.0 4
407.0 1
408.0 1
409.0 0
410.0 1
411.0 1
412.0 2
413.0 1
414.0 0
415.0 0
416.0 2
417.0 2
418.0 0
419.0 2
420.0 2
421.0 1
422.0 1
423.0 1
424.0 1
425.0 2
426.0 2
427.0 0
428.0 0
429.0 0
430.0 1
431.0 1
432.0 1
433.0 1
434.0 1
435.0 2
436.0 1
437.0 0
438.0 2
439.0 1
440.0 1
441.0 1
442.0 0
443.0 0
444.0 1
445.0 0
446.0 0
447.0 0
448.0 0
449.0 1
450.0 0
451.0 0
452.0 1
453.0 0
454.0 1
455.0 0
456.0 0
457.0 0
458.0 2
459.0 0
460.0 0
461.0 0
462.0 3
463.0 1
464.0 0
465.0 1
466.0 1
467.0 1
468.0 0
469.0 1
470.0 0
471.0 0
472.0 1
473.0 0
474.0 0
475.0 0
476.0 0
477.0 0
478.0 0
479.0 2
480.0 0
481.0 0
482.0 0
483.0 0
484.0 0
485.0 1
486.0 1
487.0 1
488.0 1
489.0 0
490.0 0
491.0 1
492.0 2
493.0 0
494.0 0
495.0 0
496.0 0
497.0 1
498.0 0
499.0 1
500.0 0
501.0 0
502.0 0
503.0 0
504.0 1
505.0 0
506.0 0
507.0 1
508.0 2
509.0 0
510.0 1
511.0 0
512.0 1
513.0 1
514.0 2
515.0 0
516.0 0
517.0 0
518.0 0
519.0 2
520.0 2
521.0 0
522.0 0
523.0 1
524.0 0
525.0 1
526.0 0
527.0 1
528.0 2
529.0 1
530.0 1
531.0 0
532.0 0
533.0 0
534.0 0
535.0 1
536.0 0
537.0 0
538.0 0
539.0 0
540.0 0
541.0 0
542.0 1
543.0 0
544.0 1
545.0 1
546.0 0
547.0 2
548.0 2
549.0 1
550.0 0
551.0 0
552.0 0
553.0 1
554.0 0
555.0 0
556.0 0
557.0 0
558.0 1
559.0 0
560.0 0
561.0 0
562.0 0
563.0 1
564.0 2
565.0 1
566.0 0
567.0 0
568.0 1
569.0 0
570.0 0
571.0 0
572.0 0
573.0 0
574.0 0
575.0 0
576.0 0
577.0 0
578.0 1
579.0 1
580.0 0
581.0 0
582.0 0
583.0 0
584.0 0
585.0 0
586.0 1
587.0 1
588.0 0
589.0 0
590.0 0
591.0 0
592.0 0
593.0 0
594.0 0
595.0 0
596.0 0
597.0 0
598.0 0
599.0 0
600.0 0
601.0 0
602.0 0
603.0 0
604.0 0
605.0 0
606.0 0
607.0 0
608.0 0
609.0 0
610.0 0
611.0 0
612.0 0
613.0 0
614.0 0
615.0 0
616.0 0
617.0 0
618.0 0
619.0 0
620.0 0
621.0 0
622.0 0
623.0 0
624.0 0
625.0 0
626.0 0
627.0 0
628.0 0
629.0 0
630.0 0
631.0 0
632.0 0
633.0 0
634.0 0
635.0 0
636.0 0
637.0 0
638.0 0
639.0 0
640.0 0
641.0 0
642.0 0
643.0 0
644.0 0
645.0 0
646.0 0
647.0 0
648.0 0
649.0 0
650.0 0
651.0 0
652.0 0
653.0 0
654.0 0
655.0 0
656.0 0
657.0 1
658.0 0
659.0 0
660.0 0
661.0 0
662.0 0
663.0 0
664.0 0
665.0 1
666.0 0
667.0 0
668.0 0
669.0 0
670.0 1
671.0 0
672.0 0
673.0 0
674.0 0
675.0 0
676.0 0
677.0 0
678.0 0
679.0 0
680.0 0
681.0 0
682.0 0
683.0 0
684.0 0
685.0 0
686.0 0
687.0 0
688.0 0
689.0 1
690.0 0
691.0 0
692.0 0
693.0 0
694.0 0
695.0 0
696.0 0
697.0 0
698.0 0
699.0 0
700.0 0
701.0 0
702.0 0
703.0 0
704.0 1
705.0 0
706.0 0
707.0 1
708.0 0
709.0 0
710.0 0
711.0 0
712.0 0
713.0 0
714.0 0
715.0 0
716.0 0
717.0 0
718.0 0
719.0 0
720.0 0
721.0 0
722.0 0
723.0 0
724.0 0
725.0 0
726.0 0
727.0 0
728.0 0
729.0 0
730.0 0
731.0 0
732.0 0
733.0 0
734.0 0
735.0 0
736.0 0
737.0 0
738.0 0
739.0 0
740.0 0
741.0 0
742.0 0
743.0 0
744.0 0
745.0 0
746.0 0
747.0 0
748.0 0
749.0 0
750.0 0
751.0 0
752.0 0
753.0 1
754.0 0
755.0 0
756.0 0
757.0 0
758.0 0
759.0 0
760.0 0
761.0 0
762.0 0
763.0 0
764.0 0
765.0 0
766.0 0
767.0 0
768.0 0
769.0 0
770.0 0
771.0 0
772.0 0
773.0 0
774.0 0
775.0 0
776.0 0
777.0 0
778.0 1
779.0 0
780.0 0
781.0 0
782.0 0
783.0 0
784.0 0
785.0 0
786.0 0
787.0 0
788.0 0
789.0 0
790.0 1
791.0 0
792.0 0
793.0 0
794.0 0
795.0 0
796.0 0
797.0 0
798.0 0
799.0 0
800.0 0
801.0 0
802.0 0
803.0 0
804.0 0
805.0 0
806.0 0
807.0 0
808.0 0
809.0 0
810.0 0
811.0 0
812.0 0
813.0 0
814.0 0
815.0 0
816.0 0
817.0 0
818.0 0
819.0 0
820.0 0
821.0 1
822.0 0
823.0 0
824.0 0
825.0 0
826.0 0
827.0 0
828.0 0
829.0 0
830.0 0
831.0 0
832.0 0
833.0 0
834.0 0
835.0 0
836.0 0
837.0 0
838.0 0
839.0 0
840.0 0
841.0 0
842.0 0
843.0 0
844.0 0
845.0 0
846.0 0
847.0 0
848.0 0
849.0 0
850.0 0
851.0 1
852.0 0
853.0 1
854.0 1
855.0 0
856.0 0
857.0 0
858.0 0
859.0 0
860.0 0
861.0 0
862.0 0
863.0 0
864.0 0
865.0 0
866.0 0
867.0 0
868.0 0
869.0 0
870.0 0
871.0 0
872.0 0
873.0 0
874.0 0
875.0 0
876.0 0
877.0 0
878.0 0
879.0 0
880.0 0
881.0 0
882.0 0
883.0 0
884.0 0
885.0 0
886.0 0
887.0 0
888.0 0
889.0 0
890.0 0
891.0 0
892.0 0
893.0 0
894.0 0
895.0 0
896.0 0
897.0 0
898.0 0
899.0 0
900.0 0
901.0 0
902.0 0
903.0 0
904.0 0
905.0 0
906.0 0
907.0 0
908.0 0
909.0 0
910.0 0
911.0 0
912.0 0
913.0 0
914.0 0
915.0 0
916.0 0
917.0 0
918.0 0
919.0 0
920.0 0
921.0 0
922.0 0
923.0 0
924.0 0
925.0 0
926.0 0
927.0 0
928.0 0
929.0 0
930.0 0
931.0 0
932.0 0
933.0 0
934.0 0
935.0 0
936.0 0
937.0 0
938.0 0
939.0 0
940.0 0
941.0 0
942.0 0
943.0 0
944.0 0
945.0 0
946.0 0
947.0 0
948.0 0
949.0 0
950.0 0
951.0 0
952.0 0
953.0 0
954.0 0
955.0 0
956.0 0
957.0 0
958.0 0
959.0 0
960.0 0
961.0 0
962.0 0
963.0 0
964.0 0
965.0 0
966.0 0
967.0 0
968.0 0
969.0 0
970.0 0
971.0 0
972.0 0
973.0 0
974.0 0
975.0 0
976.0 0
977.0 0
978.0 0
979.0 0
980.0 0
981.0 0
982.0 0
983.0 0
984.0 0
985.0 0
986.0 0
987.0 0
988.0 0
989.0 0
990.0 0
991.0 0
992.0 0
993.0 0
994.0 0
995.0 0
996.0 0
997.0 0
998.0 0
999.0 0
1000.0 0
1001.0 0
1002.0 0
1003.0 0
1004.0 0
1005.0 0
1006.0 0
1007.0 0
1008.0 0
1009.0 0
1010.0 0
1011.0 0
1012.0 0
1013.0 0
1014.0 0
1015.0 0
1016.0 0
1017.0 0
1018.0 0
1019.0 0
1020.0 0
1021.0 0
1022.0 0
1023.0 0
1024.0 0
1025.0 0
1026.0 0
1027.0 0
1028.0 0
1029.0 0
1030.0 0
1031.0 0
1032.0 0
1033.0 0
1034.0 0
1035.0 0
1036.0 0
1037.0 0
1038.0 0
1039.0 0
1040.0 0
1041.0 0
1042.0 0
1043.0 0
1044.0 0
1045.0 0
1046.0 0
1047.0 0
1048.0 0
1049.0 0
1050.0 0
1051.0 0
1052.0 0
1053.0 0
1054.0 0
1055.0 0
1056.0 0
1057.0 0
1058.0 0
1059.0 0
1060.0 0
1061.0 0
1062.0 0
1063.0 0
1064.0 0
1065.0 0
1066.0 0
1067.0 0
1068.0 0
1069.0 0
1070.0 0
1071.0 0
1072.0 0
1073.0 0
1074.0 0
1075.0 0
1076.0 0
1077.0 0
1078.0 0
1079.0 0
1080.0 0
1081.0 0
1082.0 0
1083.0 0
1084.0 0
1085.0 0
1086.0 0
1087.0 0
1088.0 0
1089.0 0
1090.0 0
1091.0 0
1092.0 0
1093.0 0
1094.0 0
1095.0 0
1096.0 0
1097.0 0
1098.0 0
1099.0 0
1100.0 0
1101.0 0
1102.0 0
1103.0 0
1104.0 0
1105.0 0
1106.0 0
1107.0 0
1108.0 0
1109.0 0
1110.0 0
1111.0 0
1112.0 0
1113.0 0
1114.0 0
1115.0 0
1116.0 0
1117.0 0
1118.0 0
1119.0 0
1120.0 0
1121.0 0
1122.0 0
1123.0 0
1124.0 0
1125.0 0
1126.0 1
1127.0 0
