0.0 4108
1.0 7667
2.0 6032
3.0 4492
4.0 4770
5.0 5760
6.0 6336
7.0 7211
8.0 8102
9.0 8961
10.0 9713
11.0 10883
12.0 12563
13.0 14592
14.0 16226
15.0 18331
16.0 19669
17.0 20157
18.0 19506
19.0 18322
20.0 17259
21.0 16130
22.0 15454
23.0 14711
24.0 13747
25.0 12794
26.0 12198
27.0 11643
28.0 11018
29.0 10944
30.0 10767
31.0 9771
32.0 9094
33.0 8262
34.0 7441
35.0 6837
36.0 6420
37.0 5796
38.0 5353
39.0 4850
40.0 4408
41.0 3965
42.0 3228
43.0 2870
44.0 2690
45.0 2607
46.0 2392
47.0 2268
48.0 2186
49.0 2122
50.0 1897
51.0 1779
52.0 1778
53.0 1575
54.0 1491
55.0 1429
56.0 1376
57.0 1356
58.0 1315
59.0 1272
60.0 1143
61.0 1066
62.0 1054
63.0 1010
64.0 962
65.0 905
66.0 811
67.0 837
68.0 767
69.0 737
70.0 759
71.0 635
72.0 670
73.0 629
74.0 580
75.0 592
76.0 521
77.0 561
78.0 553
79.0 475
80.0 464
81.0 443
82.0 422
83.0 401
84.0 391
85.0 411
86.0 397
87.0 363
88.0 368
89.0 332
90.0 341
91.0 305
92.0 292
93.0 292
94.0 262
95.0 261
96.0 278
97.0 242
98.0 242
99.0 252
100.0 244
101.0 229
102.0 224
103.0 171
104.0 202
105.0 199
106.0 185
107.0 176
108.0 160
109.0 168
110.0 178
111.0 163
112.0 146
113.0 157
114.0 119
115.0 130
116.0 131
117.0 128
118.0 112
119.0 146
120.0 131
121.0 126
122.0 116
123.0 86
124.0 86
125.0 130
126.0 93
127.0 94
128.0 88
129.0 94
130.0 113
131.0 98
132.0 81
133.0 76
134.0 84
135.0 75
136.0 80
137.0 62
138.0 84
139.0 82
140.0 68
141.0 67
142.0 61
143.0 57
144.0 61
145.0 57
146.0 62
147.0 56
148.0 72
149.0 59
150.0 59
151.0 43
152.0 56
153.0 61
154.0 50
155.0 44
156.0 55
157.0 49
158.0 29
159.0 39
160.0 49
161.0 37
162.0 34
163.0 28
164.0 31
165.0 40
166.0 34
167.0 42
168.0 33
169.0 41
170.0 31
171.0 30
172.0 45
173.0 32
174.0 30
175.0 30
176.0 28
177.0 32
178.0 24
179.0 36
180.0 25
181.0 21
182.0 25
183.0 27
184.0 24
185.0 23
186.0 21
187.0 23
188.0 16
189.0 14
190.0 17
191.0 24
192.0 17
193.0 21
194.0 23
195.0 22
196.0 22
197.0 18
198.0 16
199.0 18
200.0 12
201.0 13
202.0 20
203.0 20
204.0 17
205.0 14
206.0 12
207.0 12
208.0 12
209.0 17
210.0 11
211.0 10
212.0 14
213.0 13
214.0 8
215.0 5
216.0 15
217.0 12
218.0 8
219.0 12
220.0 4
221.0 11
222.0 9
223.0 7
224.0 4
225.0 8
226.0 3
227.0 8
228.0 6
229.0 8
230.0 7
231.0 5
232.0 9
233.0 8
234.0 7
235.0 4
236.0 4
237.0 12
238.0 9
239.0 5
240.0 6
241.0 13
242.0 4
243.0 5
244.0 8
245.0 8
246.0 4
247.0 9
248.0 5
249.0 4
250.0 6
251.0 4
252.0 5
253.0 2
254.0 5
255.0 6
256.0 4
257.0 2
258.0 3
259.0 7
260.0 1
261.0 6
262.0 3
263.0 2
264.0 6
265.0 2
266.0 4
267.0 6
268.0 4
269.0 3
270.0 4
271.0 7
272.0 4
273.0 5
274.0 5
275.0 5
276.0 2
277.0 0
278.0 1
279.0 3
280.0 3
281.0 2
282.0 3
283.0 1
284.0 3
285.0 1
286.0 5
287.0 1
288.0 7
289.0 2
290.0 1
291.0 5
292.0 2
293.0 1
294.0 1
295.0 4
296.0 8
297.0 0
298.0 4
299.0 3
300.0 3
301.0 0
302.0 1
303.0 4
304.0 3
305.0 2
306.0 1
307.0 5
308.0 1
309.0 1
310.0 4
311.0 2
312.0 4
313.0 3
314.0 4
315.0 2
316.0 4
317.0 0
318.0 1
319.0 2
320.0 2
321.0 3
322.0 2
323.0 2
324.0 2
325.0 1
326.0 2
327.0 3
328.0 2
329.0 1
330.0 1
331.0 1
332.0 0
333.0 6
334.0 2
335.0 5
336.0 0
337.0 1
338.0 3
339.0 1
340.0 2
341.0 1
342.0 1
343.0 1
344.0 0
345.0 1
346.0 1
347.0 3
348.0 1
349.0 3
350.0 2
351.0 0
352.0 4
353.0 0
354.0 2
355.0 2
356.0 1
357.0 0
358.0 2
359.0 0
360.0 0
361.0 2
362.0 2
363.0 1
364.0 0
365.0 2
366.0 2
367.0 0
368.0 1
369.0 2
370.0 3
371.0 1
372.0 2
373.0 1
374.0 0
375.0 0
376.0 1
377.0 1
378.0 1
379.0 0
380.0 0
381.0 0
382.0 0
383.0 0
384.0 1
385.0 1
386.0 1
387.0 0
388.0 0
389.0 0
390.0 1
391.0 0
392.0 0
393.0 1
394.0 0
395.0 1
396.0 0
397.0 0
398.0 0
399.0 1
400.0 0
401.0 0
402.0 2
403.0 0
404.0 1
405.0 1
406.0 0
407.0 0
408.0 0
409.0 1
410.0 0
411.0 2
412.0 0
413.0 1
414.0 0
415.0 1
416.0 0
417.0 1
418.0 0
419.0 0
420.0 0
421.0 1
422.0 0
423.0 0
424.0 2
425.0 0
426.0 1
427.0 1
428.0 1
429.0 0
430.0 0
431.0 0
432.0 0
433.0 0
434.0 0
435.0 1
436.0 1
437.0 2
438.0 0
439.0 0
440.0 0
441.0 2
442.0 0
443.0 2
444.0 0
445.0 0
446.0 0
447.0 0
448.0 0
449.0 0
450.0 0
451.0 1
452.0 1
453.0 0
454.0 0
455.0 0
456.0 1
457.0 0
458.0 0
459.0 0
460.0 0
461.0 0
462.0 1
463.0 0
464.0 0
465.0 0
466.0 1
467.0 0
468.0 0
469.0 0
470.0 1
471.0 2
472.0 1
473.0 0
474.0 0
475.0 0
476.0 0
477.0 0
478.0 1
479.0 1
480.0 1
481.0 0
482.0 0
483.0 0
484.0 2
485.0 0
486.0 0
487.0 0
488.0 0
489.0 0
490.0 1
491.0 1
492.0 0
493.0 0
494.0 1
495.0 0
496.0 0
497.0 0
498.0 1
499.0 0
500.0 0
501.0 0
502.0 1
503.0 0
504.0 0
505.0 0
506.0 0
507.0 0
508.0 0
509.0 1
510.0 0
511.0 0
512.0 0
513.0 0
514.0 0
515.0 0
516.0 0
517.0 0
518.0 0
519.0 1
520.0 0
521.0 0
522.0 2
523.0 0
524.0 0
525.0 0
526.0 0
527.0 0
528.0 1
529.0 0
530.0 0
531.0 0
532.0 0
533.0 0
534.0 0
535.0 0
536.0 0
537.0 0
538.0 0
539.0 0
540.0 0
541.0 0
542.0 0
543.0 0
544.0 0
545.0 0
546.0 0
547.0 0
548.0 0
549.0 0
550.0 0
551.0 0
552.0 0
553.0 0
554.0 0
555.0 0
556.0 0
557.0 0
558.0 1
559.0 0
560.0 0
561.0 0
562.0 0
563.0 0
564.0 0
565.0 0
566.0 0
567.0 0
568.0 0
569.0 0
570.0 0
571.0 0
572.0 0
573.0 0
574.0 0
575.0 0
576.0 0
577.0 0
578.0 0
579.0 0
580.0 0
581.0 0
582.0 0
583.0 0
584.0 1
585.0 1
586.0 0
587.0 0
588.0 0
589.0 0
590.0 0
591.0 0
592.0 0
593.0 0
594.0 0
595.0 0
596.0 1
597.0 0
598.0 0
599.0 0
600.0 1
601.0 0
602.0 0
603.0 1
604.0 0
605.0 0
606.0 0
607.0 0
608.0 0
609.0 0
610.0 0
611.0 1
612.0 0
613.0 0
614.0 0
615.0 0
616.0 0
617.0 0
618.0 0
619.0 0
620.0 0
621.0 0
622.0 0
623.0 0
624.0 0
625.0 0
626.0 1
627.0 0
628.0 0
629.0 0
630.0 0
631.0 0
632.0 0
633.0 0
634.0 0
635.0 0
636.0 0
637.0 0
638.0 0
639.0 0
640.0 0
641.0 0
642.0 1
643.0 0
644.0 0
645.0 0
646.0 1
647.0 0
648.0 0
649.0 0
650.0 0
651.0 0
652.0 0
653.0 0
654.0 0
655.0 0
656.0 0
657.0 1
658.0 0
659.0 0
660.0 0
661.0 0
662.0 0
663.0 0
664.0 0
665.0 0
666.0 0
667.0 0
668.0 0
669.0 0
670.0 0
671.0 0
672.0 0
673.0 0
674.0 0
675.0 0
676.0 0
677.0 0
678.0 0
679.0 0
680.0 0
681.0 0
682.0 0
683.0 0
684.0 0
685.0 0
686.0 0
687.0 0
688.0 1
689.0 0
690.0 0
691.0 0
692.0 0
693.0 0
694.0 0
695.0 0
696.0 0
697.0 0
698.0 0
699.0 0
700.0 0
701.0 0
702.0 0
703.0 0
704.0 0
705.0 0
706.0 0
707.0 0
708.0 0
709.0 0
710.0 0
711.0 0
712.0 0
713.0 0
714.0 0
715.0 0
716.0 0
717.0 0
718.0 0
719.0 0
720.0 0
721.0 0
722.0 0
723.0 0
724.0 0
725.0 0
726.0 0
727.0 0
728.0 0
729.0 1
730.0 0
731.0 0
732.0 0
733.0 0
734.0 0
735.0 0
736.0 0
737.0 0
738.0 0
739.0 0
740.0 0
741.0 0
742.0 0
743.0 0
744.0 0
745.0 0
746.0 0
747.0 0
748.0 0
749.0 0
750.0 0
751.0 0
752.0 0
753.0 0
754.0 0
755.0 0
756.0 0
757.0 0
758.0 0
759.0 0
760.0 0
761.0 0
762.0 0
763.0 0
764.0 0
765.0 0
766.0 0
767.0 0
768.0 0
769.0 0
770.0 0
771.0 0
772.0 0
773.0 0
774.0 0
775.0 0
776.0 0
777.0 0
778.0 0
779.0 0
780.0 0
781.0 0
782.0 0
783.0 0
784.0 0
785.0 0
786.0 0
787.0 0
788.0 0
789.0 0
790.0 0
791.0 0
792.0 0
793.0 0
794.0 0
795.0 0
796.0 0
797.0 0
798.0 0
799.0 0
800.0 0
801.0 0
802.0 0
803.0 0
804.0 0
805.0 0
806.0 0
807.0 0
808.0 0
809.0 0
810.0 0
811.0 0
812.0 0
813.0 0
814.0 0
815.0 0
816.0 0
817.0 0
818.0 0
819.0 0
820.0 0
821.0 0
822.0 0
823.0 0
824.0 0
825.0 0
826.0 0
827.0 0
828.0 0
829.0 0
830.0 0
831.0 0
832.0 0
833.0 0
834.0 0
835.0 0
836.0 0
837.0 0
838.0 0
839.0 0
840.0 0
841.0 0
842.0 0
843.0 0
844.0 0
845.0 0
846.0 0
847.0 0
848.0 0
849.0 1
850.0 0
