0.0 4583
1.0 9972
2.0 6629
3.0 3304
4.0 3717
5.0 4333
6.0 5004
7.0 5842
8.0 6765
9.0 7557
10.0 7967
11.0 9222
12.0 10219
13.0 11620
14.0 13418
15.0 15615
16.0 16804
17.0 17425
18.0 16365
19.0 14917
20.0 13493
21.0 12094
22.0 11385
23.0 10820
24.0 10190
25.0 9665
26.0 9199
27.0 8926
28.0 8544
29.0 8650
30.0 8607
31.0 7858
32.0 7242
33.0 6790
34.0 6068
35.0 5532
36.0 5015
37.0 4553
38.0 4104
39.0 3594
40.0 3285
41.0 2912
42.0 2263
43.0 1817
44.0 1671
45.0 1685
46.0 1520
47.0 1493
48.0 1402
49.0 1336
50.0 1245
51.0 1191
52.0 1153
53.0 1037
54.0 1033
55.0 958
56.0 933
57.0 885
58.0 900
59.0 873
60.0 796
61.0 713
62.0 641
63.0 644
64.0 626
65.0 598
66.0 591
67.0 516
68.0 536
69.0 495
70.0 460
71.0 457
72.0 414
73.0 413
74.0 352
75.0 351
76.0 350
77.0 316
78.0 334
79.0 276
80.0 292
81.0 276
82.0 296
83.0 267
84.0 253
85.0 247
86.0 253
87.0 234
88.0 227
89.0 203
90.0 197
91.0 193
92.0 165
93.0 179
94.0 150
95.0 156
96.0 144
97.0 177
98.0 130
99.0 142
100.0 137
101.0 138
102.0 134
103.0 123
104.0 103
105.0 126
106.0 109
107.0 118
108.0 102
109.0 100
110.0 86
111.0 98
112.0 87
113.0 75
114.0 75
115.0 74
116.0 74
117.0 70
118.0 67
119.0 95
120.0 60
121.0 64
122.0 88
123.0 68
124.0 72
125.0 63
126.0 63
127.0 52
128.0 55
129.0 52
130.0 46
131.0 49
132.0 61
133.0 41
134.0 48
135.0 48
136.0 53
137.0 56
138.0 38
139.0 39
140.0 37
141.0 35
142.0 39
143.0 35
144.0 30
145.0 33
146.0 43
147.0 28
148.0 34
149.0 41
150.0 38
151.0 35
152.0 31
153.0 31
154.0 31
155.0 25
156.0 32
157.0 24
158.0 23
159.0 25
160.0 22
161.0 28
162.0 23
163.0 24
164.0 27
165.0 19
166.0 21
167.0 21
168.0 26
169.0 23
170.0 18
171.0 17
172.0 17
173.0 12
174.0 16
175.0 12
176.0 7
177.0 20
178.0 15
179.0 11
180.0 14
181.0 16
182.0 12
183.0 12
184.0 16
185.0 12
186.0 8
187.0 10
188.0 13
189.0 7
190.0 10
191.0 12
192.0 14
193.0 15
194.0 11
195.0 9
196.0 8
197.0 8
198.0 11
199.0 9
200.0 9
201.0 11
202.0 6
203.0 8
204.0 8
205.0 10
206.0 7
207.0 5
208.0 11
209.0 2
210.0 7
211.0 10
212.0 9
213.0 8
214.0 6
215.0 6
216.0 7
217.0 11
218.0 8
219.0 5
220.0 3
221.0 6
222.0 3
223.0 2
224.0 1
225.0 4
226.0 4
227.0 1
228.0 5
229.0 5
230.0 3
231.0 1
232.0 5
233.0 1
234.0 5
235.0 5
236.0 3
237.0 4
238.0 2
239.0 1
240.0 4
241.0 4
242.0 6
243.0 5
244.0 2
245.0 6
246.0 0
247.0 4
248.0 1
249.0 1
250.0 1
251.0 2
252.0 3
253.0 4
254.0 8
255.0 4
256.0 3
257.0 0
258.0 4
259.0 4
260.0 5
261.0 4
262.0 0
263.0 2
264.0 1
265.0 3
266.0 3
267.0 2
268.0 5
269.0 2
270.0 2
271.0 0
272.0 1
273.0 1
274.0 2
275.0 3
276.0 1
277.0 1
278.0 1
279.0 3
280.0 0
281.0 2
282.0 2
283.0 2
284.0 0
285.0 1
286.0 4
287.0 4
288.0 2
289.0 3
290.0 5
291.0 3
292.0 3
293.0 2
294.0 1
295.0 2
296.0 0
297.0 1
298.0 0
299.0 2
300.0 2
301.0 2
302.0 1
303.0 2
304.0 0
305.0 2
306.0 3
307.0 1
308.0 0
309.0 0
310.0 1
311.0 3
312.0 1
313.0 1
314.0 0
315.0 1
316.0 0
317.0 2
318.0 1
319.0 0
320.0 1
321.0 0
322.0 1
323.0 0
324.0 1
325.0 1
326.0 0
327.0 0
328.0 1
329.0 1
330.0 1
331.0 1
332.0 0
333.0 1
334.0 0
335.0 1
336.0 2
337.0 3
338.0 1
339.0 0
340.0 0
341.0 0
342.0 0
343.0 0
344.0 0
345.0 1
346.0 0
347.0 1
348.0 1
349.0 0
350.0 1
351.0 2
352.0 1
353.0 0
354.0 1
355.0 0
356.0 0
357.0 0
358.0 0
359.0 2
360.0 0
361.0 0
362.0 1
363.0 0
364.0 0
365.0 0
366.0 0
367.0 0
368.0 0
369.0 0
370.0 1
371.0 0
372.0 0
373.0 1
374.0 2
375.0 1
376.0 0
377.0 0
378.0 0
379.0 0
380.0 0
381.0 1
382.0 0
383.0 0
384.0 1
385.0 0
386.0 0
387.0 1
388.0 0
389.0 0
390.0 0
391.0 0
392.0 0
393.0 0
394.0 1
395.0 0
396.0 0
397.0 0
398.0 0
399.0 0
400.0 0
401.0 1
402.0 0
403.0 0
404.0 1
405.0 1
406.0 1
407.0 0
408.0 0
409.0 1
410.0 0
411.0 0
412.0 0
413.0 0
414.0 0
415.0 0
416.0 0
417.0 0
418.0 1
419.0 0
420.0 0
421.0 0
422.0 0
423.0 0
424.0 0
425.0 0
426.0 0
427.0 0
428.0 1
429.0 0
430.0 0
431.0 0
432.0 0
433.0 0
434.0 0
435.0 0
436.0 0
437.0 0
438.0 2
439.0 0
440.0 1
441.0 0
442.0 1
443.0 1
444.0 0
445.0 0
446.0 0
447.0 0
448.0 1
449.0 0
450.0 0
451.0 0
452.0 0
453.0 0
454.0 0
455.0 0
456.0 1
457.0 0
458.0 0
459.0 0
460.0 0
461.0 0
462.0 0
463.0 0
464.0 0
465.0 0
466.0 0
467.0 0
468.0 0
469.0 0
470.0 0
471.0 0
472.0 0
473.0 0
474.0 0
475.0 0
476.0 0
477.0 0
478.0 0
479.0 0
480.0 1
481.0 0
482.0 0
483.0 0
484.0 1
485.0 0
486.0 0
487.0 0
488.0 0
489.0 0
490.0 0
491.0 0
492.0 1
493.0 0
494.0 0
495.0 0
496.0 0
497.0 0
498.0 0
499.0 0
500.0 0
501.0 0
502.0 0
503.0 0
504.0 0
505.0 0
506.0 0
507.0 0
508.0 0
509.0 0
510.0 0
511.0 0
512.0 0
513.0 0
514.0 0
515.0 0
516.0 0
517.0 1
518.0 0
519.0 0
520.0 0
521.0 0
522.0 0
523.0 0
524.0 0
525.0 0
526.0 0
527.0 1
528.0 0
529.0 0
530.0 0
531.0 0
532.0 0
533.0 0
534.0 0
535.0 0
536.0 0
537.0 0
538.0 1
539.0 0
540.0 0
541.0 0
542.0 0
543.0 1
544.0 0
545.0 0
546.0 0
547.0 0
548.0 0
549.0 0
550.0 0
551.0 0
552.0 0
553.0 0
554.0 0
555.0 0
556.0 0
557.0 0
558.0 0
559.0 0
560.0 0
561.0 0
562.0 0
563.0 0
564.0 0
565.0 0
566.0 0
567.0 1
568.0 0
569.0 0
570.0 0
571.0 1
572.0 0
573.0 0
574.0 0
575.0 0
576.0 0
577.0 0
578.0 0
579.0 0
580.0 0
581.0 0
582.0 0
583.0 0
584.0 0
585.0 0
586.0 0
587.0 0
588.0 0
589.0 0
590.0 0
591.0 0
592.0 0
593.0 0
594.0 1
595.0 0
596.0 0
597.0 0
598.0 0
599.0 0
600.0 0
601.0 0
602.0 0
603.0 0
604.0 0
605.0 0
606.0 0
607.0 0
608.0 0
609.0 0
610.0 0
611.0 0
612.0 0
613.0 0
614.0 0
615.0 0
616.0 0
617.0 0
618.0 0
619.0 0
620.0 0
621.0 0
622.0 0
623.0 0
624.0 0
625.0 0
626.0 0
627.0 0
628.0 0
629.0 0
630.0 0
631.0 0
632.0 0
633.0 0
634.0 0
635.0 0
636.0 0
637.0 0
638.0 0
639.0 0
640.0 0
641.0 0
642.0 0
643.0 0
644.0 0
645.0 0
646.0 0
647.0 0
648.0 0
649.0 0
650.0 0
651.0 0
652.0 0
653.0 0
654.0 0
655.0 0
656.0 0
657.0 0
658.0 0
659.0 0
660.0 0
661.0 0
662.0 0
663.0 0
664.0 0
665.0 1
666.0 0
667.0 0
668.0 0
669.0 0
670.0 0
671.0 0
672.0 0
673.0 0
674.0 0
675.0 0
676.0 0
677.0 0
678.0 0
679.0 0
680.0 0
681.0 0
682.0 0
683.0 0
684.0 0
685.0 0
686.0 0
687.0 0
688.0 0
689.0 0
690.0 0
691.0 0
692.0 0
693.0 0
694.0 0
695.0 0
696.0 0
697.0 0
698.0 0
699.0 0
700.0 0
701.0 0
702.0 0
703.0 0
704.0 0
705.0 0
706.0 0
707.0 0
708.0 0
709.0 0
710.0 0
711.0 0
712.0 0
713.0 0
714.0 0
715.0 0
716.0 0
717.0 0
718.0 0
719.0 0
720.0 0
721.0 0
722.0 0
723.0 0
724.0 0
725.0 0
726.0 0
727.0 0
728.0 0
729.0 0
730.0 0
731.0 0
732.0 0
733.0 0
734.0 0
735.0 0
736.0 0
737.0 0
738.0 0
739.0 0
740.0 0
741.0 0
742.0 0
743.0 0
744.0 0
745.0 0
746.0 0
747.0 0
748.0 0
749.0 0
750.0 0
751.0 0
752.0 0
753.0 0
754.0 0
755.0 0
756.0 0
757.0 0
758.0 0
759.0 0
760.0 0
761.0 0
762.0 0
763.0 0
764.0 0
765.0 0
766.0 0
767.0 0
768.0 0
769.0 0
770.0 0
771.0 0
772.0 0
773.0 0
774.0 0
775.0 0
776.0 0
777.0 0
778.0 0
779.0 0
780.0 0
781.0 0
782.0 0
783.0 0
784.0 0
785.0 0
786.0 0
787.0 0
788.0 0
789.0 0
790.0 0
791.0 0
792.0 0
793.0 0
794.0 0
795.0 0
796.0 0
797.0 0
798.0 0
799.0 0
800.0 0
801.0 0
802.0 0
803.0 0
804.0 0
805.0 0
806.0 0
807.0 0
808.0 0
809.0 0
810.0 0
811.0 0
812.0 0
813.0 0
814.0 0
815.0 0
816.0 0
817.0 0
818.0 0
819.0 0
820.0 0
821.0 0
822.0 0
823.0 0
824.0 0
825.0 0
826.0 0
827.0 0
828.0 0
829.0 0
830.0 0
831.0 0
832.0 0
833.0 0
834.0 0
835.0 0
836.0 0
837.0 0
838.0 0
839.0 0
840.0 0
841.0 0
842.0 0
843.0 0
844.0 0
845.0 0
846.0 0
847.0 0
848.0 0
849.0 0
850.0 0
851.0 0
852.0 0
853.0 0
854.0 0
855.0 0
856.0 0
857.0 0
858.0 0
859.0 0
860.0 0
861.0 0
862.0 0
863.0 0
864.0 0
865.0 0
866.0 0
867.0 0
868.0 0
869.0 0
870.0 0
871.0 0
872.0 0
873.0 0
874.0 0
875.0 0
876.0 0
877.0 0
878.0 0
879.0 0
880.0 0
881.0 0
882.0 0
883.0 0
884.0 0
885.0 0
886.0 0
887.0 0
888.0 0
889.0 0
890.0 1
891.0 0
892.0 0
893.0 0
894.0 0
895.0 0
896.0 0
897.0 0
898.0 0
899.0 0
900.0 0
901.0 0
902.0 0
903.0 0
904.0 0
905.0 0
906.0 0
907.0 0
908.0 0
909.0 0
910.0 0
911.0 0
912.0 0
913.0 0
914.0 0
915.0 0
916.0 0
917.0 0
918.0 0
919.0 0
920.0 0
921.0 0
922.0 0
923.0 0
924.0 0
925.0 0
926.0 0
927.0 0
928.0 0
929.0 0
930.0 0
931.0 0
932.0 0
933.0 0
934.0 0
935.0 0
936.0 0
937.0 0
938.0 0
939.0 0
940.0 0
941.0 0
942.0 0
943.0 0
944.0 0
945.0 0
946.0 0
947.0 0
948.0 0
949.0 0
950.0 0
951.0 0
952.0 0
953.0 0
954.0 0
955.0 0
956.0 0
957.0 0
958.0 0
959.0 0
960.0 0
961.0 0
962.0 0
963.0 0
964.0 0
965.0 0
966.0 0
967.0 0
968.0 0
969.0 0
970.0 0
971.0 0
972.0 0
973.0 0
974.0 0
975.0 0
976.0 0
977.0 0
978.0 0
979.0 0
980.0 0
981.0 0
982.0 0
983.0 0
984.0 0
985.0 0
986.0 0
987.0 0
988.0 0
989.0 0
990.0 0
991.0 0
992.0 0
993.0 0
994.0 0
995.0 0
996.0 0
997.0 0
998.0 0
999.0 0
1000.0 0
1001.0 0
1002.0 0
1003.0 0
1004.0 0
1005.0 0
1006.0 0
1007.0 0
1008.0 0
1009.0 0
1010.0 0
1011.0 0
1012.0 0
1013.0 0
1014.0 0
1015.0 0
1016.0 0
1017.0 0
1018.0 0
1019.0 0
1020.0 0
1021.0 0
1022.0 0
1023.0 0
1024.0 0
1025.0 0
1026.0 0
1027.0 0
1028.0 0
1029.0 0
1030.0 0
1031.0 0
1032.0 0
1033.0 0
1034.0 0
1035.0 0
1036.0 0
1037.0 0
1038.0 0
1039.0 0
1040.0 0
1041.0 0
1042.0 0
1043.0 0
1044.0 0
1045.0 0
1046.0 0
1047.0 0
1048.0 0
1049.0 0
1050.0 0
1051.0 0
1052.0 0
1053.0 0
1054.0 0
1055.0 0
1056.0 0
1057.0 0
1058.0 0
1059.0 0
1060.0 0
1061.0 0
1062.0 0
1063.0 0
1064.0 0
1065.0 0
1066.0 0
1067.0 0
1068.0 0
1069.0 0
1070.0 0
1071.0 0
1072.0 0
1073.0 0
1074.0 0
1075.0 0
1076.0 0
1077.0 0
1078.0 0
1079.0 0
1080.0 0
1081.0 0
1082.0 0
1083.0 0
1084.0 0
1085.0 0
1086.0 0
1087.0 0
1088.0 0
1089.0 0
1090.0 0
1091.0 0
1092.0 0
1093.0 0
1094.0 0
1095.0 0
1096.0 0
1097.0 0
1098.0 0
1099.0 0
1100.0 0
1101.0 0
1102.0 1
1103.0 0
