0.0 6367
1.0 13000
2.0 7168
3.0 3861
4.0 4324
5.0 5138
6.0 5984
7.0 6849
8.0 7801
9.0 8949
10.0 9938
11.0 10874
12.0 12450
13.0 14496
14.0 16873
15.0 19814
16.0 22358
17.0 22582
18.0 20631
19.0 18031
20.0 15597
21.0 13822
22.0 12818
23.0 12213
24.0 11310
25.0 10590
26.0 10053
27.0 9672
28.0 9524
29.0 9698
30.0 9933
31.0 9121
32.0 8148
33.0 7350
34.0 6643
35.0 5966
36.0 5545
37.0 5096
38.0 4537
39.0 4141
40.0 3536
41.0 3063
42.0 2352
43.0 1856
44.0 1687
45.0 1637
46.0 1512
47.0 1436
48.0 1290
49.0 1290
50.0 1160
51.0 1124
52.0 1153
53.0 1085
54.0 995
55.0 924
56.0 902
57.0 902
58.0 807
59.0 799
60.0 803
61.0 694
62.0 672
63.0 695
64.0 608
65.0 577
66.0 555
67.0 539
68.0 499
69.0 493
70.0 493
71.0 434
72.0 436
73.0 393
74.0 380
75.0 365
76.0 392
77.0 317
78.0 294
79.0 310
80.0 300
81.0 287
82.0 304
83.0 220
84.0 262
85.0 241
86.0 234
87.0 194
88.0 195
89.0 192
90.0 175
91.0 185
92.0 134
93.0 155
94.0 180
95.0 142
96.0 146
97.0 175
98.0 140
99.0 139
100.0 159
101.0 130
102.0 125
103.0 104
104.0 102
105.0 92
106.0 111
107.0 88
108.0 86
109.0 89
110.0 99
111.0 80
112.0 83
113.0 93
114.0 96
115.0 73
116.0 81
117.0 71
118.0 68
119.0 78
120.0 67
121.0 68
122.0 59
123.0 64
124.0 45
125.0 66
126.0 41
127.0 46
128.0 55
129.0 56
130.0 46
131.0 70
132.0 41
133.0 53
134.0 37
135.0 38
136.0 41
137.0 51
138.0 42
139.0 34
140.0 44
141.0 32
142.0 35
143.0 42
144.0 38
145.0 44
146.0 34
147.0 28
148.0 25
149.0 24
150.0 32
151.0 25
152.0 24
153.0 35
154.0 29
155.0 21
156.0 14
157.0 29
158.0 37
159.0 28
160.0 24
161.0 20
162.0 28
163.0 25
164.0 21
165.0 24
166.0 22
167.0 17
168.0 22
169.0 20
170.0 22
171.0 17
172.0 24
173.0 19
174.0 18
175.0 21
176.0 12
177.0 15
178.0 9
179.0 17
180.0 11
181.0 19
182.0 12
183.0 20
184.0 9
185.0 10
186.0 15
187.0 7
188.0 10
189.0 11
190.0 7
191.0 4
192.0 8
193.0 5
194.0 13
195.0 7
196.0 10
197.0 13
198.0 9
199.0 3
200.0 10
201.0 4
202.0 12
203.0 8
204.0 3
205.0 10
206.0 5
207.0 7
208.0 14
209.0 5
210.0 4
211.0 7
212.0 8
213.0 8
214.0 11
215.0 6
216.0 7
217.0 6
218.0 4
219.0 2
220.0 5
221.0 6
222.0 5
223.0 7
224.0 6
225.0 5
226.0 0
227.0 2
228.0 7
229.0 5
230.0 0
231.0 8
232.0 3
233.0 6
234.0 5
235.0 1
236.0 3
237.0 6
238.0 6
239.0 6
240.0 7
241.0 3
242.0 2
243.0 7
244.0 3
245.0 1
246.0 4
247.0 0
248.0 3
249.0 4
250.0 4
251.0 1
252.0 1
253.0 1
254.0 1
255.0 3
256.0 6
257.0 1
258.0 5
259.0 3
260.0 4
261.0 5
262.0 2
263.0 3
264.0 3
265.0 2
266.0 3
267.0 2
268.0 1
269.0 4
270.0 2
271.0 2
272.0 3
273.0 0
274.0 4
275.0 5
276.0 1
277.0 1
278.0 0
279.0 2
280.0 0
281.0 0
282.0 3
283.0 0
284.0 2
285.0 1
286.0 1
287.0 2
288.0 2
289.0 1
290.0 1
291.0 2
292.0 0
293.0 0
294.0 1
295.0 3
296.0 1
297.0 0
298.0 3
299.0 1
300.0 0
301.0 0
302.0 2
303.0 0
304.0 2
305.0 1
306.0 2
307.0 2
308.0 2
309.0 1
310.0 6
311.0 0
312.0 1
313.0 0
314.0 2
315.0 1
316.0 0
317.0 1
318.0 1
319.0 1
320.0 0
321.0 0
322.0 0
323.0 0
324.0 1
325.0 0
326.0 1
327.0 1
328.0 0
329.0 0
330.0 1
331.0 2
332.0 1
333.0 1
334.0 0
335.0 1
336.0 1
337.0 1
338.0 1
339.0 1
340.0 1
341.0 0
342.0 0
343.0 0
344.0 0
345.0 0
346.0 0
347.0 0
348.0 0
349.0 0
350.0 0
351.0 0
352.0 0
353.0 1
354.0 2
355.0 2
356.0 2
357.0 0
358.0 1
359.0 0
360.0 0
361.0 0
362.0 0
363.0 1
364.0 0
365.0 0
366.0 0
367.0 0
368.0 0
369.0 0
370.0 0
371.0 1
372.0 0
373.0 2
374.0 1
375.0 1
376.0 0
377.0 0
378.0 0
379.0 0
380.0 1
381.0 1
382.0 0
383.0 1
384.0 1
385.0 0
386.0 0
387.0 0
388.0 0
389.0 0
390.0 0
391.0 0
392.0 0
393.0 0
394.0 1
395.0 0
396.0 0
397.0 1
398.0 0
399.0 0
400.0 1
401.0 0
402.0 0
403.0 1
404.0 0
405.0 1
406.0 0
407.0 0
408.0 0
409.0 0
410.0 0
411.0 0
412.0 0
413.0 0
414.0 0
415.0 2
416.0 0
417.0 0
418.0 0
419.0 0
420.0 0
421.0 1
422.0 1
423.0 0
424.0 0
425.0 0
426.0 0
427.0 0
428.0 1
429.0 0
430.0 1
431.0 0
432.0 1
433.0 1
434.0 0
435.0 0
436.0 1
437.0 0
438.0 0
439.0 0
440.0 0
441.0 1
442.0 0
443.0 0
444.0 0
445.0 0
446.0 0
447.0 0
448.0 0
449.0 0
450.0 0
451.0 0
452.0 0
453.0 0
454.0 0
455.0 0
456.0 0
457.0 0
458.0 0
459.0 1
460.0 0
461.0 0
462.0 0
463.0 0
464.0 0
465.0 0
466.0 0
467.0 0
468.0 0
469.0 0
470.0 0
471.0 0
472.0 0
473.0 0
474.0 0
475.0 0
476.0 0
477.0 0
478.0 0
479.0 0
480.0 0
481.0 0
482.0 0
483.0 0
484.0 0
485.0 0
486.0 0
487.0 0
488.0 1
489.0 0
490.0 0
491.0 0
492.0 0
493.0 0
494.0 0
495.0 0
496.0 0
497.0 0
498.0 0
499.0 0
500.0 0
501.0 0
502.0 0
503.0 0
504.0 0
505.0 0
506.0 0
507.0 0
508.0 0
509.0 0
510.0 0
511.0 1
512.0 0
513.0 0
514.0 0
515.0 0
516.0 0
517.0 0
518.0 0
519.0 0
520.0 0
521.0 0
522.0 0
523.0 0
524.0 0
525.0 0
526.0 0
527.0 0
528.0 0
529.0 0
530.0 0
531.0 0
532.0 0
533.0 0
534.0 0
535.0 0
536.0 0
537.0 0
538.0 0
539.0 0
540.0 0
541.0 0
542.0 0
543.0 0
544.0 0
545.0 0
546.0 0
547.0 0
548.0 1
549.0 0
550.0 0
551.0 0
552.0 0
553.0 0
554.0 0
555.0 0
556.0 0
557.0 0
558.0 0
559.0 0
560.0 0
561.0 0
562.0 0
563.0 0
564.0 0
565.0 0
566.0 0
567.0 0
568.0 0
569.0 0
570.0 0
571.0 0
572.0 0
573.0 0
574.0 0
575.0 0
576.0 0
577.0 0
578.0 0
579.0 0
580.0 0
581.0 0
582.0 0
583.0 0
584.0 0
585.0 0
586.0 0
587.0 0
588.0 0
589.0 0
590.0 0
591.0 0
592.0 0
593.0 0
594.0 0
595.0 0
596.0 0
597.0 0
598.0 0
599.0 0
600.0 0
601.0 0
602.0 0
603.0 0
604.0 0
605.0 0
606.0 0
607.0 0
608.0 0
609.0 0
610.0 0
611.0 0
612.0 0
613.0 0
614.0 0
615.0 0
616.0 0
617.0 0
618.0 0
619.0 0
620.0 0
621.0 0
622.0 0
623.0 0
624.0 0
625.0 0
626.0 0
627.0 0
628.0 0
629.0 0
630.0 0
631.0 0
632.0 0
633.0 0
634.0 0
635.0 0
636.0 0
637.0 0
638.0 0
639.0 0
640.0 0
641.0 0
642.0 0
643.0 0
644.0 0
645.0 0
646.0 0
647.0 0
648.0 0
649.0 0
650.0 0
651.0 0
652.0 0
653.0 0
654.0 0
655.0 0
656.0 0
657.0 0
658.0 0
659.0 0
660.0 0
661.0 0
662.0 0
663.0 0
664.0 0
665.0 0
666.0 0
667.0 0
668.0 0
669.0 0
670.0 0
671.0 0
672.0 0
673.0 0
674.0 0
675.0 0
676.0 0
677.0 0
678.0 0
679.0 0
680.0 0
681.0 0
682.0 0
683.0 0
684.0 1
685.0 0
